-1	23	14	70	72	73	85	8	75	43	
4	-1	39	88	78	44	47	32	46	40	
33	12	-1	5	50	61	29	69	56	23	
17	84	73	-1	88	15	98	11	21	19	
53	15	20	59	-1	18	88	1	39	62	
30	99	56	97	47	-1	47	53	99	59	
63	46	94	74	91	31	-1	77	18	72	
86	85	77	16	64	67	81	-1	9	93	
42	97	98	96	9	73	50	26	-1	49	
7	95	37	52	79	94	48	92	39	-1	
---Brute Force Method---
Solution : 0 - 2 - 1 - 5 - 6 - 8 - 4 - 7 - 3 - 9 - 0
Cost     : 187
Time     : 0.551892 s
---Branch and Bound Method---
Solution : 0 - 2 - 1 - 5 - 6 - 8 - 4 - 7 - 3 - 9 - 0
Cost     : 187
Time     : 0.00119221 s
-----------------------------
-1	99	48	47	56	59	65	32	19	95	
40	-1	12	6	65	16	10	61	79	56	
31	49	-1	11	23	6	84	72	98	2	
43	56	62	-1	40	53	76	66	38	28	
71	33	37	17	-1	91	98	65	83	28	
59	92	95	48	32	-1	63	46	52	14	
19	69	33	9	39	80	-1	11	69	98	
94	83	50	34	28	63	61	-1	21	91	
67	13	14	55	76	19	54	81	-1	73	
95	23	40	71	75	1	11	37	26	-1	
---Brute Force Method---
Solution : 0 - 8 - 1 - 2 - 5 - 9 - 6 - 7 - 4 - 3 - 0
Cost     : 174
Time     : 0.510554 s
---Branch and Bound Method---
Solution : 0 - 8 - 1 - 2 - 5 - 9 - 6 - 7 - 4 - 3 - 0
Cost     : 174
Time     : 0.00422735 s
-----------------------------
-1	99	48	47	56	59	65	32	19	95	
40	-1	12	6	65	16	10	61	79	56	
31	49	-1	11	23	6	84	72	98	2	
43	56	62	-1	40	53	76	66	38	28	
71	33	37	17	-1	91	98	65	83	28	
59	92	95	48	32	-1	63	46	52	14	
19	69	33	9	39	80	-1	11	69	98	
94	83	50	34	28	63	61	-1	21	91	
67	13	14	55	76	19	54	81	-1	73	
95	23	40	71	75	1	11	37	26	-1	
---Brute Force Method---
Solution : 0 - 8 - 1 - 2 - 5 - 9 - 6 - 7 - 4 - 3 - 0
Cost     : 174
Time     : 0.500936 s
---Branch and Bound Method---
Solution : 0 - 8 - 1 - 2 - 5 - 9 - 6 - 7 - 4 - 3 - 0
Cost     : 174
Time     : 0.00412789 s
-----------------------------
