-1	76	82	25	39	44	46	56	62	48	76	
84	-1	22	53	87	73	89	13	72	29	86	
16	96	-1	50	40	75	40	80	69	27	50	
91	90	54	-1	22	54	37	90	51	54	74	
65	9	29	29	-1	92	88	84	35	99	18	
79	38	5	69	73	-1	92	72	43	86	30	
44	22	26	2	81	24	-1	51	91	59	41	
34	89	92	28	28	13	44	-1	64	58	37	
96	84	50	44	90	70	6	72	-1	81	13	
33	31	64	78	11	78	91	25	8	-1	35	
14	15	46	9	70	20	19	71	28	87	-1	
---Brute Force Method---
Solution : 0 - 9 - 8 - 6 - 3 - 4 - 10 - 1 - 7 - 5 - 2 - 0
Cost     : 166
Time     : 5.11246 s
---Branch and Bound Method---
Solution : 0 - 9 - 8 - 6 - 3 - 4 - 10 - 1 - 7 - 5 - 2 - 0
Cost     : 166
Time     : 0.00374845 s
-----------------------------
-1	60	53	10	56	71	49	77	81	13	59	
46	-1	6	87	46	91	34	81	52	17	72	
44	61	-1	75	18	91	49	73	3	83	90	
49	78	41	-1	99	36	80	82	44	40	60	
32	59	48	52	-1	18	34	46	33	56	45	
61	1	65	46	49	-1	8	66	16	25	76	
12	81	59	41	71	89	-1	41	9	40	40	
96	77	17	4	2	4	82	-1	90	79	16	
14	28	86	60	87	47	32	81	-1	4	48	
2	34	69	20	20	24	43	15	17	-1	42	
44	40	1	51	34	85	38	26	68	45	-1	
---Brute Force Method---
Solution : 0 - 3 - 10 - 2 - 8 - 9 - 7 - 4 - 5 - 1 - 6 - 0
Cost     : 160
Time     : 4.85326 s
---Branch and Bound Method---
Solution : 0 - 3 - 10 - 2 - 8 - 9 - 7 - 4 - 5 - 1 - 6 - 0
Cost     : 160
Time     : 0.00481559 s
-----------------------------
-1	44	24	94	73	97	52	98	1	76	41	
8	-1	88	23	5	10	77	50	33	5	59	
72	27	-1	99	96	7	59	67	36	40	32	
8	66	29	-1	77	18	24	75	36	26	46	
99	10	68	75	-1	43	80	8	30	12	72	
43	62	27	22	26	-1	23	61	87	62	24	
78	42	92	79	61	56	-1	31	27	20	39	
60	65	42	80	74	94	21	-1	18	2	94	
30	72	23	77	83	24	59	91	-1	26	83	
69	36	75	62	29	69	94	4	26	-1	49	
74	64	54	93	98	50	57	80	8	4	-1	
---Brute Force Method---
Solution : 0 - 8 - 2 - 5 - 10 - 9 - 7 - 6 - 4 - 1 - 3 - 0
Cost     : 186
Time     : 5.06277 s
---Branch and Bound Method---
Solution : 0 - 8 - 2 - 5 - 10 - 9 - 7 - 6 - 4 - 1 - 3 - 0
Cost     : 186
Time     : 0.00648132 s
-----------------------------
