-1	28	95	79	89	24	55	19	19	41	23	69	
72	-1	58	62	28	21	18	14	92	46	1	91	
24	74	-1	23	68	60	69	96	72	65	54	17	
54	1	68	-1	68	28	12	32	67	60	87	98	
67	27	69	28	-1	68	98	26	25	88	98	2	
38	55	60	1	71	-1	46	2	27	19	51	22	
20	44	99	37	23	53	-1	67	56	47	84	60	
45	23	74	47	16	59	93	-1	80	1	85	1	
48	18	38	39	80	4	38	15	-1	46	93	34	
55	6	89	9	36	62	15	76	34	-1	47	61	
59	99	13	52	44	90	99	54	78	23	-1	41	
89	88	57	73	24	97	35	31	31	80	94	-1	
---Brute Force Method---
Solution : 0 - 7 - 9 - 6 - 4 - 11 - 8 - 5 - 3 - 1 - 10 - 2 - 0
Cost     : 135
Time     : 78.5687 s
---Branch and Bound Method---
Solution : 0 - 7 - 9 - 6 - 4 - 11 - 8 - 5 - 3 - 1 - 10 - 2 - 0
Cost     : 135
Time     : 0.0092733 s
-----------------------------
-1	92	97	64	76	64	22	31	76	16	1	84	
86	-1	34	26	50	93	77	90	3	93	46	62	
67	69	-1	74	77	77	71	29	39	42	26	40	
40	98	60	-1	34	83	69	51	72	60	37	30	
3	35	60	49	-1	16	47	21	28	19	65	61	
60	29	81	58	76	-1	86	11	40	31	92	8	
35	64	84	35	21	62	-1	40	60	3	76	11	
32	61	81	96	28	12	58	-1	7	31	6	90	
59	89	41	98	24	84	43	49	-1	98	51	72	
86	29	43	63	48	91	98	20	14	-1	35	79	
90	18	40	15	52	41	90	86	6	50	-1	34	
56	76	13	93	67	13	92	5	75	4	10	-1	
---Brute Force Method---
Solution : 0 - 6 - 9 - 1 - 8 - 4 - 5 - 11 - 2 - 7 - 10 - 3 - 0
Cost     : 208
Time     : 69.9649 s
---Branch and Bound Method---
Solution : 0 - 6 - 9 - 1 - 8 - 4 - 5 - 11 - 2 - 7 - 10 - 3 - 0
Cost     : 208
Time     : 0.0288013 s
-----------------------------
-1	66	92	55	13	37	62	24	39	16	51	48	
52	-1	27	43	2	7	34	21	34	5	41	75	
8	63	-1	97	11	86	34	20	12	54	59	66	
25	48	73	-1	33	73	71	56	17	68	11	58	
52	80	20	15	-1	3	26	68	99	79	35	25	
75	52	92	87	37	-1	27	52	13	74	52	35	
89	13	6	16	5	94	-1	87	27	26	44	52	
10	60	86	35	41	20	92	-1	60	4	77	23	
70	78	99	33	98	71	70	82	-1	19	7	94	
84	58	91	21	43	85	6	88	75	-1	91	92	
94	42	99	84	56	71	65	48	12	7	-1	27	
26	18	72	14	17	82	7	81	58	9	77	-1	
---Brute Force Method---
Solution : 0 - 7 - 11 - 1 - 4 - 5 - 8 - 3 - 10 - 9 - 6 - 2 - 0
Cost     : 154
Time     : 65.0908 s
---Branch and Bound Method---
Solution : 0 - 7 - 11 - 1 - 4 - 5 - 8 - 3 - 10 - 9 - 6 - 2 - 0
Cost     : 154
Time     : 0.0131506 s
-----------------------------
