-1	56	17	61	32	82	1	96	83	51	19	50	34	
84	-1	3	34	75	23	71	77	30	8	23	24	78	
5	33	-1	2	64	54	43	9	4	5	33	16	43	
39	71	88	-1	74	93	26	65	63	77	79	19	82	
34	78	35	9	-1	77	28	13	74	80	32	79	50	
99	33	51	78	22	-1	94	53	43	46	97	25	38	
11	17	75	22	55	61	-1	39	13	56	11	91	10	
16	99	23	46	59	32	90	-1	65	67	15	89	70	
87	72	9	75	56	16	24	96	-1	16	48	38	81	
8	47	6	16	55	92	3	35	42	-1	48	17	24	
21	19	57	56	89	70	4	41	80	86	-1	92	39	
31	48	3	80	50	50	54	21	34	3	86	-1	88	
14	68	87	11	43	78	6	32	68	45	81	31	-1	
---Brute Force Method---
Solution : 0 - 6 - 12 - 3 - 11 - 2 - 8 - 5 - 4 - 7 - 10 - 1 - 9 - 0
Cost     : 149
Time     : 1980.91 s
---Branch and Bound Method---
Solution : 0 - 6 - 12 - 3 - 11 - 2 - 8 - 5 - 4 - 7 - 10 - 1 - 9 - 0
Cost     : 149
Time     : 0.00930002 s
-----------------------------
-1	33	87	27	98	3	43	27	69	45	86	55	12	
10	-1	6	90	45	14	72	8	33	78	23	90	73	
16	22	-1	95	82	93	29	40	17	57	93	60	94	
91	77	24	-1	1	73	71	84	2	39	63	48	53	
39	90	18	45	-1	54	34	49	64	46	70	9	78	
24	76	46	48	46	-1	80	39	25	47	30	36	67	
81	5	31	51	41	7	-1	20	28	24	49	87	36	
98	36	56	57	5	42	18	-1	33	6	76	49	67	
34	67	71	26	47	25	60	9	-1	1	57	96	7	
86	62	54	29	87	44	65	64	2	-1	75	67	70	
39	25	12	82	25	50	77	77	74	3	-1	43	95	
43	31	95	68	5	17	57	49	34	15	96	-1	16	
74	8	63	3	38	44	85	46	40	49	81	47	-1	
---Brute Force Method---
Solution : 0 - 12 - 3 - 4 - 11 - 5 - 10 - 9 - 8 - 7 - 6 - 1 - 2 - 0
Cost     : 131
Time     : 1616.87 s
---Branch and Bound Method---
Solution : 0 - 12 - 3 - 4 - 11 - 5 - 10 - 9 - 8 - 7 - 6 - 1 - 2 - 0
Cost     : 131
Time     : 0.0366594 s
-----------------------------
-1	89	71	82	32	80	71	26	83	49	56	56	14	
65	-1	44	40	18	17	76	18	20	90	61	83	64	
63	19	-1	67	88	10	29	35	2	18	93	9	50	
73	56	87	-1	47	29	23	73	26	76	81	90	2	
43	26	16	39	-1	47	62	41	36	13	37	76	63	
46	34	75	86	4	-1	34	86	14	3	63	39	75	
38	30	51	67	3	79	-1	39	80	48	88	34	42	
28	79	48	77	28	4	44	-1	19	58	83	42	63	
24	15	96	65	4	16	47	15	-1	24	37	55	61	
66	36	2	63	7	56	33	42	94	-1	9	86	17	
90	54	46	84	26	91	62	4	56	33	-1	3	4	
19	6	35	72	35	47	21	16	57	31	33	-1	50	
74	50	39	91	93	37	86	73	11	20	21	12	-1	
---Brute Force Method---
Solution : 0 - 7 - 5 - 9 - 10 - 12 - 11 - 1 - 3 - 6 - 4 - 2 - 8 - 0
Cost     : 172
Time     : 1747.49 s
---Branch and Bound Method---
Solution : 0 - 7 - 5 - 9 - 10 - 12 - 11 - 1 - 3 - 6 - 4 - 2 - 8 - 0
Cost     : 172
Time     : 0.168617 s
-----------------------------
