-1	56	13	44	68	12	18	30	22	65	56	39	95	63	
30	-1	28	83	8	86	55	8	95	34	72	95	26	7	
47	71	-1	19	82	83	53	11	96	3	5	71	7	52	
72	86	94	-1	81	38	22	97	59	67	38	10	16	42	
94	26	45	22	-1	92	28	21	77	98	56	60	31	20	
13	63	81	71	49	-1	92	89	27	1	74	61	11	95	
80	53	13	77	87	63	-1	30	46	27	75	90	17	55	
8	90	83	31	89	52	77	-1	8	96	94	64	63	69	
25	73	55	89	69	52	47	97	-1	80	54	15	41	66	
74	17	31	15	28	54	88	35	73	-1	88	17	94	61	
42	90	32	83	61	26	33	38	2	59	-1	62	22	73	
46	92	45	95	36	37	91	88	10	30	16	-1	72	75	
41	30	12	28	25	77	89	61	20	73	85	17	-1	22	
31	91	42	30	72	85	60	4	18	15	59	38	28	-1	
---Branch and Bound Method---
Solution : 0 - 5 - 9 - 3 - 6 - 12 - 2 - 10 - 8 - 11 - 4 - 1 - 13 - 7 - 0
Cost     : 182
Time     : 0.037487 s
-----------------------------
-1	56	13	44	68	12	18	30	22	65	56	39	95	63	
30	-1	28	83	8	86	55	8	95	34	72	95	26	7	
47	71	-1	19	82	83	53	11	96	3	5	71	7	52	
72	86	94	-1	81	38	22	97	59	67	38	10	16	42	
94	26	45	22	-1	92	28	21	77	98	56	60	31	20	
13	63	81	71	49	-1	92	89	27	1	74	61	11	95	
80	53	13	77	87	63	-1	30	46	27	75	90	17	55	
8	90	83	31	89	52	77	-1	8	96	94	64	63	69	
25	73	55	89	69	52	47	97	-1	80	54	15	41	66	
74	17	31	15	28	54	88	35	73	-1	88	17	94	61	
42	90	32	83	61	26	33	38	2	59	-1	62	22	73	
46	92	45	95	36	37	91	88	10	30	16	-1	72	75	
41	30	12	28	25	77	89	61	20	73	85	17	-1	22	
31	91	42	30	72	85	60	4	18	15	59	38	28	-1	
---Branch and Bound Method---
Solution : 0 - 5 - 9 - 3 - 6 - 12 - 2 - 10 - 8 - 11 - 4 - 1 - 13 - 7 - 0
Cost     : 182
Time     : 0.03668 s
-----------------------------
-1	56	13	44	68	12	18	30	22	65	56	39	95	63	
30	-1	28	83	8	86	55	8	95	34	72	95	26	7	
47	71	-1	19	82	83	53	11	96	3	5	71	7	52	
72	86	94	-1	81	38	22	97	59	67	38	10	16	42	
94	26	45	22	-1	92	28	21	77	98	56	60	31	20	
13	63	81	71	49	-1	92	89	27	1	74	61	11	95	
80	53	13	77	87	63	-1	30	46	27	75	90	17	55	
8	90	83	31	89	52	77	-1	8	96	94	64	63	69	
25	73	55	89	69	52	47	97	-1	80	54	15	41	66	
74	17	31	15	28	54	88	35	73	-1	88	17	94	61	
42	90	32	83	61	26	33	38	2	59	-1	62	22	73	
46	92	45	95	36	37	91	88	10	30	16	-1	72	75	
41	30	12	28	25	77	89	61	20	73	85	17	-1	22	
31	91	42	30	72	85	60	4	18	15	59	38	28	-1	
---Branch and Bound Method---
Solution : 0 - 5 - 9 - 3 - 6 - 12 - 2 - 10 - 8 - 11 - 4 - 1 - 13 - 7 - 0
Cost     : 182
Time     : 0.036329 s
-----------------------------
