-1	56	13	44	68	12	18	30	22	65	56	39	95	63	30	
28	-1	83	8	86	55	8	95	34	72	95	26	7	47	71	
19	82	-1	83	53	11	96	3	5	71	7	52	72	86	94	
81	38	22	-1	97	59	67	38	10	16	42	94	26	45	22	
92	28	21	77	-1	98	56	60	31	20	13	63	81	71	49	
92	89	27	1	74	-1	61	11	95	80	53	13	77	87	63	
30	46	27	75	90	17	-1	55	8	90	83	31	89	52	77	
8	96	94	64	63	69	25	-1	73	55	89	69	52	47	97	
80	54	15	41	66	74	17	31	-1	15	28	54	88	35	73	
88	17	94	61	42	90	32	83	61	-1	26	33	38	2	59	
62	22	73	46	92	45	95	36	37	91	-1	88	10	30	16	
72	75	41	30	12	28	25	77	89	61	20	-1	73	85	17	
22	31	91	42	30	72	85	60	4	18	15	59	-1	38	28	
13	49	97	93	95	79	82	82	59	8	5	91	37	-1	53	
43	17	12	23	59	36	6	89	16	11	87	63	91	21	-1	
---Branch and Bound Method---
Solution : 0 - 5 - 3 - 9 - 13 - 10 - 14 - 6 - 11 - 4 - 1 - 12 - 8 - 2 - 7 - 0
Cost     : 166
Time     : 0.068038 s
-----------------------------
-1	33	47	21	51	97	98	54	66	18	92	12	12	50	2	
91	-1	13	41	3	53	44	1	8	18	51	29	49	26	97	
90	70	-1	35	91	87	52	19	13	90	25	69	30	59	5	
45	83	87	-1	27	52	7	88	95	32	34	47	81	99	45	
32	62	68	27	-1	32	8	87	39	19	86	80	45	67	29	
5	87	52	16	88	-1	20	78	41	84	9	36	65	15	66	
49	41	32	37	35	4	-1	49	87	32	71	72	78	22	55	
9	77	61	10	74	37	18	-1	27	19	80	17	64	6	9	
22	86	27	54	46	27	96	39	-1	14	83	15	43	24	72	
38	33	50	12	66	52	45	30	25	-1	88	87	99	79	78	
43	45	95	70	20	1	55	58	35	35	-1	96	46	54	19	
12	50	39	25	48	15	70	25	10	87	65	-1	46	82	46	
37	74	27	2	99	81	23	94	11	36	3	20	-1	15	28	
11	39	89	93	41	73	68	61	9	46	33	48	33	-1	90	
13	40	35	7	7	25	40	18	39	2	84	86	24	22	-1	
---Branch and Bound Method---
Solution : 0 - 12 - 10 - 5 - 3 - 6 - 2 - 14 - 4 - 9 - 1 - 7 - 13 - 8 - 11 - 0
Cost     : 178
Time     : 0.356691 s
-----------------------------
-1	33	47	21	51	97	98	54	66	18	92	12	12	50	2	
91	-1	13	41	3	53	44	1	8	18	51	29	49	26	97	
90	70	-1	35	91	87	52	19	13	90	25	69	30	59	5	
45	83	87	-1	27	52	7	88	95	32	34	47	81	99	45	
32	62	68	27	-1	32	8	87	39	19	86	80	45	67	29	
5	87	52	16	88	-1	20	78	41	84	9	36	65	15	66	
49	41	32	37	35	4	-1	49	87	32	71	72	78	22	55	
9	77	61	10	74	37	18	-1	27	19	80	17	64	6	9	
22	86	27	54	46	27	96	39	-1	14	83	15	43	24	72	
38	33	50	12	66	52	45	30	25	-1	88	87	99	79	78	
43	45	95	70	20	1	55	58	35	35	-1	96	46	54	19	
12	50	39	25	48	15	70	25	10	87	65	-1	46	82	46	
37	74	27	2	99	81	23	94	11	36	3	20	-1	15	28	
11	39	89	93	41	73	68	61	9	46	33	48	33	-1	90	
13	40	35	7	7	25	40	18	39	2	84	86	24	22	-1	
---Branch and Bound Method---
Solution : 0 - 12 - 10 - 5 - 3 - 6 - 2 - 14 - 4 - 9 - 1 - 7 - 13 - 8 - 11 - 0
Cost     : 178
Time     : 0.357253 s
-----------------------------
