-1	23	14	70	72	73	85	8	75	
43	-1	4	39	88	78	44	47	32	
46	40	-1	33	12	5	50	61	29	
69	56	23	-1	17	84	73	88	15	
98	11	21	19	-1	53	15	20	59	
18	88	1	39	62	-1	30	99	56	
97	47	47	53	99	59	-1	63	46	
94	74	91	31	77	18	72	-1	86	
85	77	16	64	67	81	9	93	-1	
---Brute Force Method---
Solution : 0 - 7 - 5 - 2 - 4 - 3 - 8 - 6 - 1 - 0
Cost     : 172
Time     : 0.0588395 s
---Branch and Bound Method---
Solution : 0 - 7 - 5 - 2 - 4 - 3 - 8 - 6 - 1 - 0
Cost     : 172
Time     : 0.000510888 s
-----------------------------
-1	23	14	70	72	73	85	8	75	
43	-1	4	39	88	78	44	47	32	
46	40	-1	33	12	5	50	61	29	
69	56	23	-1	17	84	73	88	15	
98	11	21	19	-1	53	15	20	59	
18	88	1	39	62	-1	30	99	56	
97	47	47	53	99	59	-1	63	46	
94	74	91	31	77	18	72	-1	86	
85	77	16	64	67	81	9	93	-1	
---Brute Force Method---
Solution : 0 - 7 - 5 - 2 - 4 - 3 - 8 - 6 - 1 - 0
Cost     : 172
Time     : 0.0575293 s
---Branch and Bound Method---
Solution : 0 - 7 - 5 - 2 - 4 - 3 - 8 - 6 - 1 - 0
Cost     : 172
Time     : 0.000501184 s
-----------------------------
-1	23	14	70	72	73	85	8	75	
43	-1	4	39	88	78	44	47	32	
46	40	-1	33	12	5	50	61	29	
69	56	23	-1	17	84	73	88	15	
98	11	21	19	-1	53	15	20	59	
18	88	1	39	62	-1	30	99	56	
97	47	47	53	99	59	-1	63	46	
94	74	91	31	77	18	72	-1	86	
85	77	16	64	67	81	9	93	-1	
---Brute Force Method---
Solution : 0 - 7 - 5 - 2 - 4 - 3 - 8 - 6 - 1 - 0
Cost     : 172
Time     : 0.0549341 s
---Branch and Bound Method---
Solution : 0 - 7 - 5 - 2 - 4 - 3 - 8 - 6 - 1 - 0
Cost     : 172
Time     : 0.000440625 s
-----------------------------
